transactions as itemMatrix in sparse format with
 2907086 rows (elements/itemsets/transactions) and
 1178981 columns (items) and a density of 3.347478e-05 

most frequent items:
          'kang.shin-min'      'miller.willard-jun'             'li.xueliang' 
                    14258                     14177                     14131 
 'runggaldier.wolfgang-j'       'wolsey.laurence-a'                   (Other) 
                    14123                     14081                 114660647 

element (itemset/transaction) length distribution:
sizes
      1       2       3       4       5       6       7       8       9      10 
1555091  874374  335285   93210   23447    6821    2390    1071     512     300 
     11      12      13      14      15      16      17      18      19      20 
    146     110      72      42      37      33      14      16       9      10 
     21      22      23      24      25      26      27      28      29      30 
     10       6       3       2       3       3       1       2       1       2 
     31      32      34      35      36      38      40      41      43      45 
      2       1       1       2       1       2       1       1       1       1 
     47      48      50      51      53      54      57      59      62      67 
      1       1       1       1       1       1       1       1       1       1 
     69      70      72      74      76      81      82      86      88      91 
      1       1       1       1       1       1       1       1       1       1 
     92      94      95      98     102     104     106     107     108     110 
      1       1       1       1       1       1       1       1       1       1 
    112     114     117     119     120     122     123     125     126     127 
      1       1       1       1       1       1       1       1       1       1 
    129     130     131     134     137     139     140     141     143     144 
      1       1       1       1       1       1       1       1       1       1 
    145     146     147     148     149     150     151     155     157     158 
      1       1       1       1       1       1       1       1       1       1 
    160     161     162     164     165     166     169     171     174     175 
      1       1       1       1       1       1       1       1       1       1 
    178     179     183     185     188     191     192     194     197     198 
      1       1       2       1       1       1       1       1       1       1 
    201     206     209     211     212     216     219     220     222     224 
      1       1       1       1       1       1       1       1       1       1 
    226     227     228     231     232     235     239     240     241     242 
      1       1       1       1       1       1       1       1       1       1 
    244     245     248     251     253     255     258     260     261     263 
      1       1       1       1       1       1       1       1       1       1 
    265     267     271     274     276     277     278     279     280     281 
      1       1       1       1       1       1       1       1       1       1 
    283     284     286     288     290     291     297     299     300     302 
      1       1       1       1       1       1       1       1       1       1 
    303     305     309     311     313     315     316     317     319     321 
      1       1       1       1       1       1       1       1       1       1 
    325     326     329     330     331     333     334     336     337     339 
      1       1       1       1       1       1       1       1       1       1 
    340     342     343     346     348     351     354     356     357     358 
      1       1       1       1       1       1       1       1       1       1 
    360     362     365     366     368     369     371     372     376     377 
      1       1       1       1       1       1       1       1       1       1 
    379     382     385     387     389     390     393     394     395     397 
      1       1       1       1       1       1       1       1       1       1 
    400     401     403     406     408     409     411     414     415     418 
      1       1       1       1       1       1       1       1       1       1 
    419     422     423     425     428     430     431     435     438     442 
      1       1       1       1       2       1       1       1       1       1 
    443     447     450     452     454     456     459     461     463     466 
      1       1       1       1       1       1       1       1       1       1 
    469     471     472     474     475     476     477     479     483     484 
      1       1       1       1       1       1       1       1       1       1 
    486     491     492     493     494     495     496     498     500     502 
      1       1       1       1       1       1       1       1       1       1 
    503     505     509     511     512     514     518     520     523     528 
      1       1       1       1       1       1       1       1       1       1 
    531     533     535     537     540     543     544     546     549     550 
      1       1       1       1       1       1       1       1       1       1 
    551     555     556     559     562     564     566     569     571     572 
      1       1       1       1       1       1       1       1       1       1 
    575     577     581     584     587     589     591     593     596     597 
      1       1       1       1       1       1       1       1       1       1 
    599     604     607     608     612     614     620     621     623     626 
      1       1       1       1       2       1       1       1       1       1 
    629     631     634     635     636     638     639     642     645     647 
      1       1       1       1       1       1       1       2       1       2 
    648     650     652     653     654     655     656     657     658     660 
      1       1       1       1       1       2       1       1       1       2 
    662     663     664     666     668     671     674     676     679     681 
      1       1       1       1       1       1       1       1       1       1 
    684     686     687     690     691     693     694     697     699     700 
      1       1       1       1       1       1       1       1       1       1 
    701     702     703     704     706     708     709     710     712     714 
      1       1       1       1       2       1       1       1       1       1 
    717     719     721     722     724     726     728     731     735     737 
      1       1       1       1       1       1       1       1       1       1 
    740     742     744     746     748     750     753     756     757     758 
      1       1       1       1       1       1       1       1       1       1 
    761     763     764     767     769     770     772     774     777     778 
      1       1       1       1       1       1       1       1       1       1 
    779     780     781     782     785     786     788     789     792     794 
      1       1       1       1       1       1       1       1       1       1 
    797     798     799     801     803     805     807     808     810     812 
      1       1       1       1       1       1       1       1       1       1 
    815     817     819     820     821     822     825     827     828     830 
      1       1       1       1       1       1       1       1       1       1 
    831     833     838     841     842     844     845     847     849     850 
      2       1       1       1       1       1       1       1       1       1 
    852     854     856     857     858     859     860     861     863     864 
      1       1       1       1       1       1       1       1       1       1 
    867     868     870     873     876     880     882     889     896     899 
      1       1       1       1       1       1       1       1       1       1 
    901     903     904     906     910     912     916     921     924     928 
      1       1       1       1       1       1       1       1       1       1 
    931     935     939     942     944     945     948     950     954     956 
      1       1       1       1       1       1       1       1       1       1 
    957     960     961     962     964     966     969     973     978     983 
      1       1       1       2       1       1       1       1       1       1 
    987     989     992     996     998     999    1002    1005    1006    1008 
      1       1       1       1       1       1       1       1       1       1 
   1010    1015    1017    1020    1024    1027    1031    1034    1036    1039 
      1       1       1       1       1       1       1       1       1       1 
   1042    1044    1046    1049    1051    1054    1055    1058    1062    1068 
      1       1       1       1       1       1       1       1       1       1 
   1071    1072    1074    1077    1080    1083    1087    1090    1095    1097 
      1       1       1       1       1       1       1       1       1       1 
   1099    1103    1107    1109    1112    1114    1116    1120    1123    1125 
      1       1       1       1       1       1       1       1       1       1 
   1127    1129    1131    1135    1137    1139    1141    1144    1146    1147 
      1       1       1       1       1       1       1       1       1       1 
   1148    1149    1151    1152    1154    1155    1157    1158    1159    1160 
      1       1       1       1       1       1       1       1       1       1 
   1161    1162    1165    1168    1170    1172    1174    1177    1179    1181 
      1       1       1       1       1       1       1       1       1       1 
   1185    1186    1189    1191    1194    1197    1199    1202    1204    1205 
      1       1       1       1       1       1       1       1       1       1 
   1207    1210    1213    1216    1217    1219    1221    1224    1226    1228 
      1       1       1       1       1       1       1       1       1       1 
   1231    1233    1235    1238    1241    1245    1247    1251    1253    1257 
      1       1       1       1       1       1       1       1       1       1 
   1260    1263    1265    1267    1268    1271    1273    1274    1276    1278 
      1       1       1       1       1       1       1       1       1       1 
   1282    1285    1288    1291    1293    1294    1295    1297    1300    1303 
      1       1       1       1       1       1       1       1       1       1 
   1306    1308    1310    1312    1313    1315    1317    1318    1319    1322 
      1       1       1       1       1       1       1       1       1       1 
   1323    1324    1326    1327    1329    1330    1333    1336    1338    1340 
      1       1       1       1       1       1       1       1       1       1 
   1341    1342    1345    1347    1351    1354    1355    1356    1359    1361 
      1       1       1       1       1       1       1       1       1       1 
   1362    1365    1366    1368    1373    1375    1377    1380    1382    1383 
      1       1       1       1       1       1       1       1       1       1 
   1384    1385    1388    1391    1396    1398    1400    1402    1404    1405 
      1       1       1       1       1       1       1       1       1       1 
   1407    1408    1409    1413    1414    1417    1419    1421    1423    1424 
      2       1       1       1       1       1       1       1       1       1 
   1426    1428    1429    1430    1432    1434    1438    1440    1442    1446 
      1       1       1       1       1       1       1       1       2       1 
   1449    1451    1453    1456    1460    1462    1465    1469    1471    1473 
      1       1       1       1       1       1       1       1       1       1 
   1475    1477    1480    1483    1486    1489    1491    1495    1498    1501 
      1       1       1       1       1       1       1       1       1       1 
   1505    1508    1511    1512    1513    1514    1516    1519    1523    1527 
      1       1       1       1       1       1       1       1       1       1 
   1528    1529    1530    1532    1534    1535    1537    1540    1541    1542 
      1       1       1       1       1       1       1       1       1       1 
   1543    1545    1547    1549    1551    1554    1555    1557    1558    1559 
      1       1       1       2       1       1       1       1       1       1 
   1561    1562    1565    1566    1570    1572    1573    1575    1578    1581 
      1       1       1       1       1       1       1       1       1       1 
   1583    1584    1585    1587    1590    1591    1594    1596    1599    1602 
      1       1       1       1       1       1       1       1       1       1 
   1604    1607    1609    1610    1613    1614    1615    1618    1621    1624 
      1       1       1       1       1       1       1       1       1       1 
   1627    1628    1631    1633    1635    1636    1639    1640    1642    1644 
      1       1       1       1       1       1       1       1       1       1 
   1646    1648    1650    1653    1655    1657    1659    1661    1663    1665 
      1       1       1       1       1       1       1       1       1       1 
   1667    1668    1669    1671    1672    1674    1675    1676    1678    1680 
      1       1       1       1       1       1       1       1       1       1 
   1682    1684    1686    1688    1690    1693    1694    1695    1698    1700 
      1       1       1       1       1       1       1       1       1       1 
   1702    1704    1707    1708    1709    1711    1714    1716    1718    1720 
      1       1       1       1       1       1       1       1       1       1 
   1722    1726    1729    1730    1731    1733    1736    1737    1739    1741 
      1       1       1       1       2       1       1       1       2       1 
   1743    1744    1745    1748    1751    1752    1754    1755    1757    1758 
      1       1       1       1       1       1       1       1       1       1 
   1760    1763    1764    1766    1767    1768    1771    1773    1774    1778 
      1       1       1       1       1       1       1       1       1       2 
   1780    1782    1783    1787    1789    1791    1793    1796    1798    1799 
      2       1       1       1       1       1       1       1       1       1 
   1802    1804    1806    1808    1809    1811    1813    1816    1817    1820 
      1       1       1       1       1       1       1       1       1       1 
   1822    1823    1825    1827    1828    1831    1832    1835    1837    1840 
      1       1       1       1       1       1       1       1       1       1 
   1842    1844    1847    1849    1851    1853    1855    1857    1859    1860 
      1       1       1       1       1       1       1       1       1       1 
   1862    1865    1867    1868    1869    1870    1871    1873    1875    1877 
      1       1       1       1       1       1       1       1       1       1 
   1878    1880    1882    1883    1885    1886    1888    1892    1894    1896 
      1       1       1       1       1       1       1       1       1       1 
   1899    1901    1902    1904    1905    1909    1911    1912    1915    1916 
      1       1       1       1       1       1       1       1       1       1 
   1918    1920    1923    1925    1928    1931    1933    1934    1936    1938 
      1       1       1       1       1       1       1       1       1       1 
   1940    1942    1944    1946    1947    1948    1950    1951    1952    1954 
      1       1       1       1       1       1       1       1       1       1 
   1956    1958    1962    1964    1966    1971    1973    1977    1978    1981 
      1       1       1       1       1       1       1       1       1       1 
   1984    1986    1987    1988    1989    1990    1991    1993    1994    1995 
      2       1       1       1       1       1       1       1       1       1 
   1996    1998    1999    2000    2002    2004    2005    2007    2009    2011 
      1       2       1       1       1       1       1       1       1       1 
   2013    2015    2016    2017    2020    2022    2025    2027    2029    2032 
      1       1       2       1       1       1       1       1       1       1 
   2034    2037    2039    2042    2044    2046    2047    2049    2051    2052 
      1       1       1       1       1       1       1       1       1       1 
   2054    2056    2057    2059    2061    2063    2064    2065    2068    2069 
      1       1       1       1       1       1       1       1       1       1 
   2070    2072    2073    2075    2079    2081    2083    2085    2087    2088 
      1       1       1       1       1       1       1       1       1       1 
   2091    2093    2095    2097    2099    2101    2103    2104    2105    2106 
      1       1       1       1       1       1       1       1       1       1 
   2109    2111    2113    2115    2117    2121    2122    2124    2126    2127 
      1       1       2       1       1       1       1       1       1       1 
   2129    2131    2133    2134    2136    2138    2140    2142    2144    2147 
      1       1       1       1       1       1       1       2       1       1 
   2148    2149    2151    2155    2157    2160    2163    2166    2169    2170 
      1       1       1       1       1       1       1       1       1       1 
   2171    2173    2174    2175    2176    2178    2179    2182    2184    2185 
      1       1       1       1       1       1       1       1       1       2 
   2187    2190    2191    2193    2195    2198    2200    2202    2205    2208 
      1       1       1       1       1       1       1       1       1       1 
   2210    2212    2214    2216    2218    2220    2222    2224    2226    2228 
      1       1       1       1       1       1       1       1       1       1 
   2232    2234    2235    2237    2239    2240    2241    2242    2244    2248 
      1       1       1       2       1       1       2       1       1       1 
   2250    2252    2254    2256    2261    2264    2267    2269    2272    2274 
      1       1       1       1       1       1       1       1       1       1 
   2276    2278    2279    2281    2283    2286    2287    2290    2291    2292 
      1       1       1       1       1       1       1       1       1       1 
   2294    2295    2297    2301    2304    2306    2309    2311    2312    2314 
      1       1       1       1       1       1       1       1       1       1 
   2316    2318    2321    2324    2327    2330    2332    2334    2337    2339 
      2       1       1       1       1       1       1       1       1       1 
   2341    2342    2344    2348    2350    2352    2354    2356    2359    2361 
      1       1       1       1       1       1       1       1       1       1 
   2364    2366    2369    2372    2374    2377    2379    2381    2384    2385 
      1       1       1       1       1       1       1       1       1       1 
   2387    2388    2390    2392    2395    2397    2399    2401    2403    2406 
      1       1       1       1       1       1       1       1       1       1 
   2408    2410    2412    2413    2414    2415    2417    2419    2422    2424 
      1       1       1       1       1       1       1       1       1       1 
   2426    2428    2431    2432    2435    2439    2440    2443    2444    2445 
      1       1       1       1       1       1       1       1       1       1 
   2446    2448    2451    2453    2455    2457    2459    2462    2464    2467 
      2       1       1       1       1       1       1       1       1       1 
   2470    2471    2474    2475    2477    2479    2483    2485    2487    2489 
      1       1       1       1       1       1       1       1       1       1 
   2492    2494    2495    2496    2498    2500    2502    2503    2504    2506 
      2       1       1       2       1       1       1       1       1       1 
   2508    2509    2511    2512    2513    2515    2516    2517    2520    2522 
      1       1       1       1       2       2       1       1       1       1 
   2523    2525    2527    2530    2532    2533    2535    2537    2539    2541 
      1       1       1       1       1       1       1       1       2       1 
   2543    2545    2546    2549    2553    2555    2556    2558    2561    2562 
      1       1       1       1       3       1       1       1       1       1 
   2564    2565    2567    2569    2571    2572    2575    2578    2579    2581 
      2       1       1       1       1       1       1       1       2       1 
   2582    2583    2584    2586    2588    2590    2591    2593    2595    2597 
      1       1       1       2       1       1       1       1       1       1 
   2600    2601    2602    2605    2607    2609    2610    2611    2612    2613 
      1       1       1       1       1       1       1       1       1       1 
   2614    2616    2618    2620    2623    2624    2625    2626    2627    2629 
      1       1       1       1       2       1       1       1       1       1 
   2630    2632    2634    2637    2639    2642    2645    2650    2653    2655 
      1       2       1       1       1       1       1       1       1       1 
   2657    2661    2662    2664    2666    2668    2671    2673    2676    2679 
      1       2       1       1       1       1       1       1       1       1 
   2682    2683    2685    2687    2688    2690    2693    2696    2698    2700 
      1       1       1       1       1       1       1       1       1       1 
   2703    2705    2707    2711    2713    2715    2717    2721    2723    2725 
      1       1       1       1       1       1       1       1       2       1 
   2727    2729    2732    2736    2739    2742    2745    2748    2751    2754 
      1       1       1       1       1       1       1       1       1       1 
   2758    2760    2764    2766    2768    2771    2774    2778    2780    2782 
      1       1       1       1       1       1       1       1       1       1 
   2786    2790    2792    2794    2797    2799    2802    2803    2806    2810 
      1       1       1       1       1       1       1       1       1       1 
   2812    2814    2816    2817    2819    2821    2823    2825    2826    2830 
      1       1       1       1       1       2       1       1       1       1 
   2832    2833    2834    2837    2838    2840    2842    2843    2844    2847 
      1       2       1       1       1       1       1       1       1       1 
   2849    2851    2852    2855    2856    2858    2860    2861    2863    2865 
      1       1       1       1       1       1       1       1       1       1 
   2868    2870    2871    2874    2875    2877    2878    2880    2882    2887 
      1       1       1       1       1       1       1       1       1       1 
   2888    2891    2895    2897    2901    2904    2906    2907    2909    2912 
      1       1       1       1       1       1       1       1       1       1 
   2913    2915    2918    2920    2923    2925    2930    2931    2934    2936 
      1       1       1       1       1       1       1       1       1       1 
   2939    2941    2944    2946    2950    2955    2957    2960    2961    2963 
      1       1       1       1       1       1       1       1       1       1 
   2965    2967    2968    2971    2974    2976    2978    2979    2980    2981 
      1       1       1       1       1       1       1       1       1       1 
   2984    2986    2987    2990    2991    2993    2994    2995    2997    2999 
      1       1       1       1       1       1       1       1       2       1 
   3001    3002    3005    3006    3008    3010    3013    3014    3016    3017 
      1       1       1       1       1       1       1       1       1       1 
   3019    3020    3021    3023    3025    3027    3028    3030    3032    3033 
      1       1       1       1       1       1       1       1       1       1 
   3035    3037    3038    3040    3043    3045    3047    3048    3049    3051 
      1       1       1       1       1       1       2       1       1       1 
   3053    3056    3059    3060    3061    3062    3063    3065    3068    3071 
      1       1       1       1       1       1       1       1       1       1 
   3073    3075    3078    3081    3085    3090    3092    3095    3098    3099 
      1       2       2       1       1       1       1       1       1       1 
   3103    3106    3110    3113    3115    3116    3119    3121    3124    3125 
      1       2       1       2       1       1       2       1       1       2 
   3128    3130    3133    3135    3138    3141    3142    3143    3145    3148 
      1       1       1       1       1       1       1       1       1       1 
   3150    3151    3152    3155    3157    3159    3161    3162    3166    3168 
      1       1       1       1       1       1       1       1       2       1 
   3170    3171    3172    3173    3175    3176    3178    3179    3181    3183 
      1       1       1       1       2       1       1       1       1       1 
   3186    3188    3191    3194    3195    3197    3199    3202    3205    3206 
      1       1       1       1       1       1       1       1       2       1 
   3207    3210    3212    3214    3216    3219    3220    3222    3225    3227 
      1       1       1       1       1       2       1       1       1       1 
   3230    3231    3234    3236    3237    3240    3244    3245    3247    3249 
      1       1       1       1       1       1       2       1       1       1 
   3250    3252    3254    3256    3258    3259    3261    3263    3264    3266 
      1       1       1       1       1       1       1       1       1       2 
   3267    3268    3270    3271    3273    3274    3275    3276    3279    3281 
      1       1       1       1       1       1       1       1       1       2 
   3282    3284    3285    3286    3287    3289    3291    3292    3296    3298 
      1       1       1       1       1       1       1       1       1       1 
   3301    3303    3305    3307    3308    3310    3311    3313    3315    3316 
      1       1       2       2       1       1       1       1       1       1 
   3318    3321    3323    3326    3328    3330    3331    3332    3334    3335 
      1       1       1       1       1       1       1       1       2       1 
   3337    3338    3339    3343    3344    3347    3348    3350    3352    3353 
      1       2       1       1       1       1       1       2       1       2 
   3354    3356    3358    3359    3360    3362    3363    3365    3368    3369 
      1       1       1       1       1       1       1       1       1       2 
   3371    3373    3374    3375    3376    3379    3381    3384    3386    3388 
      2       1       1       1       1       1       1       1       1       1 
   3389    3390    3394    3395    3397    3398    3402    3403    3404    3405 
      1       1       1       1       2       1       1       1       1       1 
   3408    3409    3411    3412    3414    3416    3417    3418    3420    3422 
      1       1       1       1       1       1       1       1       1       1 
   3424    3426    3427    3428    3429    3431    3432    3433    3434    3435 
      1       1       1       1       1       1       1       1       1       1 
   3436    3438    3440    3442    3443    3444    3445    3448    3450    3452 
      1       1       1       1       2       1       1       1       1       1 
   3457    3459    3461    3462    3463    3464    3465    3466    3467    3468 
      1       1       1       1       1       1       1       1       1       1 
   3470    3473    3474    3475    3478    3481    3484    3485    3487    3488 
      1       1       1       1       1       1       1       1       1       1 
   3490    3492    3496    3500    3501    3503    3504    3505    3506    3507 
      2       1       1       1       1       1       1       1       1       1 
   3508    3509    3510    3511    3512    3513    3516    3517    3518    3519 
      1       2       1       1       1       1       1       2       1       1 
   3522    3523    3525    3527    3529    3532    3537    3538    3541    3544 
      1       1       1       1       1       1       1       1       1       1 
   3546    3547    3553    3555    3558    3560    3563    3565    3570    3572 
      1       1       1       1       1       1       1       1       1       1 
   3575    3576    3578    3579    3581    3582    3584    3587    3588    3589 
      1       1       1       1       1       1       1       1       1       2 
   3593    3595    3597    3599    3601    3605    3606    3607    3608    3611 
      1       1       1       1       1       1       1       1       1       1 
   3612    3615    3623    3624    3625    3627    3629    3630    3633    3634 
      1       1       1       1       2       1       1       1       1       1 
   3635    3636    3639    3641    3644    3648    3649    3651    3652    3654 
      1       1       1       1       1       1       2       2       1       1 
   3655    3657    3660    3662    3664    3666    3667    3668    3669    3671 
      1       1       1       1       1       1       1       1       1       1 
   3674    3675    3676    3678    3679    3681    3682    3685    3687    3690 
      1       1       1       1       1       1       1       1       1       1 
   3694    3696    3697    3698    3701    3704    3706    3707    3709    3711 
      1       1       1       1       1       1       1       1       1       1 
   3713    3716    3718    3719    3721    3724    3726    3727    3729    3733 
      1       1       1       1       1       2       1       1       1       1 
   3735    3738    3743    3746    3748    3749    3750    3753    3754    3755 
      1       1       1       1       1       1       1       1       1       1 
   3756    3757    3758    3759    3761    3762    3763    3765    3766    3768 
      1       1       1       1       1       1       1       1       1       1 
   3769    3770    3771    3772    3773    3774    3780    3782    3783    3785 
      1       1       1       1       1       1       1       1       1       2 
   3786    3788    3789    3790    3791    3793    3794    3795    3796    3797 
      1       1       2       1       1       1       1       1       1       1 
   3798    3799    3800    3802    3804    3805    3806    3808    3810    3814 
      1       1       1       1       1       1       1       1       1       1 
   3818    3822    3823    3824    3825    3827    3830    3832    3834    3836 
      1       1       1       1       1       1       2       1       1       1 
   3838    3840    3842    3846    3848    3850    3851    3853    3855    3858 
      1       1       1       1       2       1       1       1       1       1 
   3860    3861    3864    3866    3869    3872    3875    3878    3880    3883 
      1       1       1       1       1       1       1       1       1       1 
   3886    3888    3893    3896    3899    3904    3905    3908    3911    3913 
      1       1       1       1       1       1       1       1       1       1 
   3915    3917    3920    3922    3924    3928    3930    3932    3933    3935 
      1       1       1       1       1       1       2       1       1       1 
   3938    3940    3942    3944    3945    3949    3951    3954    3957    3958 
      1       1       1       1       1       1       1       1       1       1 
   3959    3962    3963    3965    3966    3968    3971    3972    3973    3975 
      1       1       1       2       1       1       1       1       1       1 
   3980    3986    3988    3991    3994    3996    3997    3999    4000    4002 
      1       1       1       1       2       1       1       1       1       1 
   4005    4009    4013    4017    4020    4021    4022    4024    4025    4027 
      1       1       1       1       1       1       1       1       1       1 
   4029    4033    4035    4038    4041    4047    4048    4050    4052    4054 
      1       1       1       1       1       1       1       1       1       1 
   4057    4059    4061    4064    4067    4069    4070    4073    4074    4076 
      1       1       1       1       1       1       1       1       1       1 
   4079    4081    4083    4085    4086    4088    4092    4094    4095    4096 
      1       1       1       1       1       1       1       1       1       1 
   4097    4099    4100    4101    4103    4106    4108    4109    4113    4117 
      1       1       1       1       1       1       1       1       1       1 
   4119    4120    4121    4124    4125    4129    4132    4133    4136    4138 
      1       1       1       1       1       1       1       2       1       1 
   4141    4145    4148    4152    4153    4155    4156    4158    4160    4162 
      1       1       1       1       1       1       1       1       1       1 
   4164    4166    4169    4171    4173    4175    4176    4178    4179    4181 
      1       1       1       1       1       1       1       1       1       1 
   4182    4183    4184    4185    4189    4192    4193    4194    4196    4199 
      1       1       1       1       1       1       1       1       1       1 
   4201    4203    4204    4206    4208    4210    4212    4215    4216    4219 
      1       1       1       1       1       2       1       1       1       1 
   4222    4224    4227    4229    4233    4237    4242    4245    4247    4248 
      1       1       1       1       1       1       1       1       1       1 
   4249    4251    4252    4254    4255    4257    4258    4259    4261    4263 
      1       1       1       1       1       1       1       1       1       1 
   4264    4266    4269    4270    4271    4272    4274    4277    4278    4279 
      1       1       1       1       1       1       1       1       1       1 
   4280    4282    4284    4285    4286    4287    4288    4289    4292    4296 
      1       1       1       1       1       1       1       1       1       1 
   4297    4301    4303    4304    4306    4309    4312    4313    4316    4317 
      1       1       1       1       1       1       1       1       1       1 
   4321    4326    4327    4328    4331    4332    4335    4341    4343    4345 
      1       1       1       1       1       1       1       1       1       1 
   4349    4353    4356    4358    4359    4362    4363    4365    4367    4368 
      1       1       1       1       1       1       1       1       1       1 
   4370    4372    4374    4377    4379    4380    4381    4382    4384    4385 
      1       1       1       1       1       1       1       1       1       1 
   4386    4388    4389    4390    4392    4394    4396    4397    4399    4401 
      1       1       1       1       1       1       1       1       1       1 
   4404    4405    4408    4409    4412    4413    4414    4415    4417    4419 
      1       1       1       1       1       1       1       1       1       1 
   4422    4424    4428    4430    4431    4432    4433    4438    4442    4445 
      1       1       1       1       1       1       1       1       1       1 
   4447    4450    4453    4454    4456    4457    4458    4461    4464    4465 
      1       1       1       2       1       1       1       1       2       1 
   4467    4469    4472    4474    4475    4477    4479    4480    4481    4482 
      1       1       1       2       1       1       1       1       1       1 
   4483    4484    4485    4488    4490    4491    4495    4496    4497    4498 
      1       2       1       1       1       1       1       2       1       1 
   4503    4505    4506    4507    4508    4509    4511    4513    4516    4518 
      1       1       1       1       1       1       1       1       1       1 
   4523    4527    4529    4531    4533    4534    4537    4538    4540    4543 
      2       1       1       1       1       1       1       1       1       1 
   4546    4550    4552    4554    4558    4559    4562    4565    4567    4569 
      1       1       1       1       1       1       1       1       1       1 
   4572    4573    4574    4576    4579    4580    4582    4584    4586    4589 
      1       1       1       1       1       1       1       1       1       1 
   4590    4592    4594    4595    4599    4601    4602    4604    4605    4606 
      1       1       1       1       1       1       1       1       1       1 
   4608    4609    4611    4613    4616    4617    4618    4620    4622    4624 
      1       1       1       1       1       1       1       1       1       1 
   4625    4626    4629    4631    4632    4633    4635    4636    4638    4640 
      1       1       1       1       1       1       1       1       1       1 
   4642    4644    4646    4652    4658    4664    4665    4667    4671    4673 
      1       1       1       1       1       1       1       1       1       1 
   4675    4678    4679    4681    4683    4685    4686    4687    4689    4692 
      1       1       1       1       1       1       1       1       1       1 
   4694    4696    4699    4701    4705    4707    4710    4712    4716    4724 
      1       1       1       1       1       1       1       1       1       2 
   4725    4726    4727    4729    4731    4733    4735    4737    4738    4740 
      1       1       1       1       1       1       1       1       1       1 
   4741    4742    4744    4746    4750    4753    4755    4758    4759    4761 
      1       1       1       1       1       1       1       1       1       1 
   4764    4765    4766    4768    4771    4773    4775    4776    4777    4779 
      1       1       1       1       1       1       1       1       1       1 
   4781    4784    4785    4787    4789    4791    4793    4794    4795    4796 
      1       1       1       1       1       1       2       1       1       1 
   4797    4798    4799    4800    4803    4804    4805    4808    4811    4813 
      1       1       1       1       1       1       1       1       1       1 
   4816    4817    4821    4825    4827    4830    4833    4838    4839    4845 
      2       1       1       1       1       1       1       1       1       1 
   4846    4850    4851    4854    4858    4860    4861    4864    4867    4870 
      1       1       1       1       1       1       1       1       1       1 
   4872    4874    4875    4877    4878    4879    4880    4881    4882    4884 
      1       1       1       1       1       1       1       1       1       1 
   4887    4890    4891    4892    4893    4895    4898    4899    4901    4902 
      1       1       1       1       1       1       1       1       1       1 
   4908    4910    4911    4913    4916    4917    4920    4921    4922    4924 
      1       1       1       1       3       1       1       1       1       1 
   4926    4929    4932    4933    4937    4938    4939    4943    4946    4948 
      1       1       1       1       1       1       1       1       1       1 
   4952    4957    4959    4960    4961    4963    4966    4967    4970    4971 
      1       1       1       1       1       1       1       1       1       1 
   4974    4975    4978    4981    4983    4985    4987    4991    4993    4997 
      1       1       1       1       1       2       1       1       1       1 
   5000    5001    5004    5006    5010    5013    5015    5017    5020    5025 
      1       1       1       1       1       1       1       1       1       1 
   5027    5028    5033    5035    5037    5039    5040    5041    5042    5045 
      1       1       1       1       1       1       1       1       1       1 
   5046    5049    5051    5056    5057    5058    5059    5061    5063    5065 
      1       1       1       1       4       1       1       1       1       1 
   5067    5069    5070    5071    5072    5076    5078    5079    5081    5082 
      1       1       1       1       1       1       1       1       1       1 
   5083    5085    5089    5091    5094    5098    5099    5100    5103    5104 
      1       1       1       1       1       1       1       1       1       1 
   5107    5108    5109    5110    5112    5113    5114    5116    5117    5118 
      1       1       1       1       1       1       1       1       1       1 
   5119    5120    5122    5123    5125    5126    5127    5130    5132    5133 
      2       1       1       1       1       1       1       1       1       1 
   5137    5139    5141    5145    5149    5153    5154    5158    5160    5164 
      1       1       1       1       1       1       1       1       1       1 
   5168    5172    5175    5176    5178    5182    5185    5187    5188    5189 
      1       1       1       1       1       1       1       1       1       1 
   5191    5193    5196    5201    5204    5206    5208    5211    5214    5218 
      1       1       1       1       1       1       1       1       1       1 
   5221    5224    5225    5229    5230    5231    5233    5236    5239    5242 
      1       1       1       1       1       1       1       1       1       1 
   5244    5246    5250    5252    5253    5257    5260    5261    5263    5265 
      1       1       1       1       1       1       1       1       1       1 
   5269    5273    5276    5279    5280    5282    5284    5288    5290    5293 
      1       1       1       1       1       1       1       1       1       1 
   5294    5297    5298    5300    5301    5303    5304    5310    5313    5314 
      1       1       1       1       1       2       1       1       1       1 
   5315    5316    5317    5318    5320    5321    5322    5327    5329    5332 
      1       1       1       1       1       1       1       1       1       1 
   5335    5336    5338    5340    5343    5346    5348    5354    5356    5357 
      1       1       1       1       1       1       1       1       1       1 
   5361    5363    5367    5369    5371    5372    5373    5376    5379    5384 
      1       2       1       1       1       1       1       1       1       1 
   5386    5387    5388    5389    5393    5394    5396    5400    5401    5403 
      1       1       1       1       1       1       1       1       1       1 
   5406    5408    5409    5411    5414    5416    5419    5422    5425    5427 
      1       1       1       1       1       1       1       1       1       1 
   5428    5431    5432    5435    5437    5439    5440    5441    5442    5445 
      1       1       1       1       1       1       1       1       1       1 
   5447    5448    5452    5454    5455    5457    5461    5462    5468    5470 
      1       1       1       1       1       1       1       1       1       1 
   5472    5474    5477    5478    5480    5481    5483    5485    5486    5487 
      1       1       1       1       1       2       1       1       1       1 
   5488    5492    5493    5496    5497    5499    5500    5502    5503    5505 
      1       1       1       2       1       1       1       1       1       1 
   5506    5507    5510    5511    5514    5517    5519    5521    5522    5523 
      1       2       1       1       1       2       2       1       3       1 
   5526    5530    5532    5533    5535    5537    5539    5540    5542    5545 
      3       1       3       1       1       1       1       2       1       1 
   5547    5548    5550    5551    5552    5554    5556    5557    5558    5559 
      1       1       1       2       1       1       1       1       1       1 
   5562    5563    5564    5566    5567    5568    5571    5572    5573    5574 
      1       1       1       1       1       1       1       1       1       1 
   5575    5576    5577    5579    5580    5582    5584    5588    5589    5591 
      1       1       1       1       1       1       1       1       1       1 
   5593    5594    5595    5596    5597    5598    5599    5600    5601    5602 
      1       1       1       1       1       1       1       1       1       1 
   5603    5605    5607    5610    5613    5614    5615    5616    5618    5619 
      1       1       1       1       1       1       1       1       1       1 
   5620    5623    5624    5625    5626    5629    5630    5631    5633    5634 
      2       1       1       2       1       1       1       1       1       2 
   5636    5639    5640    5642    5643    5644    5647    5649    5650    5651 
      1       1       1       1       1       1       1       1       1       1 
   5652    5654    5656    5657    5659    5660    5661    5665    5666    5667 
      1       1       2       1       1       1       2       1       1       1 
   5668    5671    5673    5674    5676    5678    5679    5680    5682    5683 
      1       1       1       1       1       1       1       1       1       1 
   5684    5685    5686    5689    5690    5691    5692    5695    5696    5697 
      1       1       1       1       1       1       1       1       1       1 
   5698    5699    5702    5703    5704    5705    5706    5707    5708    5709 
      1       1       1       1       1       2       1       1       1       1 
   5711    5712    5713    5716    5719    5720    5722    5724    5726    5728 
      1       1       1       1       1       1       2       1       1       1 
   5730    5732    5734    5735    5737    5738    5740    5741    5743    5744 
      1       1       1       1       1       1       1       1       1       1 
   5746    5747    5749    5750    5754    5756    5757    5758    5759    5760 
      1       1       1       1       1       1       1       1       1       1 
   5761    5762    5763    5764    5765    5766    5767    5769    5770    5771 
      1       1       1       1       1       1       1       1       1       1 
   5772    5774    5775    5777    5778    5780    5783    5786    5788    5789 
      1       1       1       1       1       1       1       1       1       1 
   5791    5794    5796    5797    5799    5801    5802    5803    5806    5808 
      1       1       1       1       1       1       1       1       1       1 
   5809    5811    5812    5814    5815    5816    5819    5821    5822    5823 
      1       1       1       1       1       1       1       1       1       1 
   5826    5828    5830    5832    5834    5836    5838    5840    5842    5844 
      1       1       1       1       1       1       1       1       1       1 
   5846    5849    5852    5855    5856    5857    5858    5859    5860    5863 
      1       2       1       1       2       1       1       1       1       1 
   5865    5866    5867    5870    5871    5872    5873    5875    5877    5878 
      1       1       1       1       1       2       1       2       1       1 
   5879    5881    5883    5884    5886    5887    5889    5891    5892    5894 
      1       1       1       1       1       1       1       1       1       1 
   5896    5897    5901    5905    5906    5909    5910    5913    5914    5918 
      1       1       1       1       1       1       1       1       1       1 
   5923    5924    5926    5928    5930    5932    5935    5938    5942    5946 
      1       1       1       1       1       1       1       1       1       1 
   5947    5948    5951    5953    5957    5961    5964    5965    5967    5969 
      1       1       1       1       1       1       1       1       1       1 
   5972    5975    5977    5979    5982    5985    5987    5990    5992    5994 
      1       1       1       1       1       1       1       1       1       1 
   5998    6000    6004    6009    6011    6012    6014    6017    6019    6021 
      1       1       1       1       1       1       1       1       1       1 
   6022    6024    6026    6028    6029    6030    6031    6037    6040    6044 
      1       1       1       1       1       1       2       1       1       1 
   6046    6050    6052    6055    6060    6061    6064    6065    6066    6070 
      1       1       1       1       1       1       1       1       2       1 
   6072    6075    6081    6084    6090    6096    6097    6098    6100    6101 
      1       1       1       1       1       1       1       1       1       1 
   6103    6106    6110    6112    6114    6116    6117    6118    6119    6120 
      1       1       1       1       1       1       1       1       1       1 
   6123    6124    6126    6128    6130    6131    6134    6137    6139    6142 
      1       1       1       1       1       1       1       1       1       1 
   6144    6146    6148    6150    6152    6155    6157    6159    6161    6162 
      1       1       1       1       1       1       1       1       1       1 
   6164    6166    6169    6171    6175    6176    6178    6179    6181    6182 
      1       1       1       1       1       1       1       1       1       1 
   6184    6188    6189    6192    6195    6199    6200    6203    6205    6207 
      1       1       1       1       1       1       1       1       1       1 
   6209    6213    6216    6219    6222    6223    6224    6226    6229    6230 
      1       1       1       1       1       1       1       1       1       1 
   6231    6236    6237    6240    6244    6248    6250    6255    6258    6262 
      1       1       1       1       1       1       1       1       1       1 
   6264    6265    6269    6271    6273    6274    6278    6281    6287    6288 
      1       1       1       1       2       1       1       1       1       1 
   6290    6292    6294    6296    6298    6300    6302    6303    6305    6306 
      1       1       1       1       1       1       1       1       2       1 
   6307    6310    6311    6313    6315    6317    6321    6324    6326    6329 
      1       1       1       1       1       1       1       1       1       1 
   6331    6332    6333    6334    6335    6337    6339    6342    6344    6345 
      1       1       1       1       1       1       1       1       1       1 
   6346    6347    6350    6351    6352    6353    6355    6357    6358    6359 
      1       1       1       1       1       1       1       1       1       1 
   6361    6363    6364    6366    6368    6369    6370    6371    6373    6374 
      1       2       1       2       1       1       1       1       1       2 
   6375    6376    6377    6378    6381    6384    6386    6387    6389    6392 
      1       1       1       1       1       1       1       1       1       1 
   6394    6395    6397    6399    6400    6402    6403    6404    6406    6408 
      2       1       1       1       1       1       1       1       1       1 
   6409    6410    6411    6413    6415    6417    6418    6420    6422    6423 
      1       1       1       1       1       1       2       1       1       1 
   6425    6426    6427    6428    6429    6432    6435    6437    6439    6441 
      1       1       1       1       1       1       1       1       2       1 
   6443    6445    6448    6450    6451    6453    6454    6455    6456    6457 
      2       1       1       1       1       3       1       1       1       1 
   6458    6461    6464    6465    6466    6467    6470    6471    6472    6475 
      1       1       1       1       1       1       1       1       1       1 
   6476    6477    6478    6479    6480    6481    6482    6485    6486    6487 
      2       1       1       1       1       1       1       1       1       1 
   6488    6489    6492    6493    6495    6496    6498    6501    6503    6505 
      1       3       1       1       1       1       1       2       1       2 
   6507    6508    6510    6511    6512    6514    6515    6516    6517    6519 
      1       1       1       1       1       1       1       1       2       1 
   6521    6522    6524    6526    6527    6529    6530    6532    6535    6536 
      1       1       1       2       1       1       1       1       1       1 
   6537    6539    6541    6543    6544    6546    6551    6553    6555    6556 
      1       1       1       1       1       2       1       1       1       1 
   6557    6558    6561    6563    6566    6567    6568    6571    6574    6576 
      1       1       1       1       1       1       1       1       1       1 
   6579    6581    6583    6586    6589    6591    6593    6596    6599    6600 
      1       1       1       1       1       1       1       1       1       1 
   6602    6603    6604    6605    6607    6609    6610    6612    6613    6616 
      1       1       1       1       1       1       1       1       1       1 
   6619    6627    6629    6631    6632    6634    6635    6637    6639    6641 
      1       1       1       1       1       1       1       1       1       1 
   6643    6644    6647    6648    6652    6655    6657    6659    6661    6663 
      1       1       1       1       1       1       1       1       1       1 
   6665    6667    6670    6672    6674    6676    6678    6679    6680    6682 
      1       1       1       1       1       1       1       1       1       1 
   6683    6685    6688    6689    6691    6692    6693    6694    6695    6696 
      1       1       1       1       1       1       1       1       1       1 
   6697    6699    6700    6702    6704    6705    6706    6709    6710    6712 
      1       1       1       1       1       1       1       1       1       1 
   6715    6716    6717    6718    6719    6721    6724    6726    6727    6729 
      1       1       1       1       1       1       1       1       1       1 
   6730    6732    6733    6734    6736    6737    6739    6741    6742    6744 
      1       1       1       1       1       1       1       1       1       1 
   6746    6748    6749    6750    6751    6752    6753    6756    6757    6758 
      1       1       1       2       1       1       1       1       1       1 
   6759    6761    6763    6766    6769    6771    6772    6775    6776    6778 
      1       1       1       1       1       1       1       1       1       1 
   6781    6784    6785    6788    6791    6794    6797    6802    6805    6806 
      1       1       1       1       1       1       1       1       1       1 
   6808    6812    6813    6815    6816    6818    6819    6820    6822    6824 
      1       1       1       1       1       1       2       1       1       1 
   6826    6827    6828    6830    6832    6834    6837    6839    6841    6842 
      1       1       1       1       1       1       1       1       1       1 
   6843    6845    6847    6848    6849    6851    6852    6853    6854    6855 
      1       1       1       1       1       1       1       1       1       1 
   6857    6858    6859    6861    6862    6864    6865    6866    6867    6868 
      1       1       1       1       1       1       1       1       1       1 
   6871    6872    6873    6875    6876    6878    6880    6882    6884    6885 
      1       1       1       1       1       1       1       1       1       2 
   6886    6889    6892    6893    6894    6895    6897    6898    6899    6901 
      1       1       1       1       1       2       1       1       1       1 
   6905    6907    6909    6910    6912    6914    6915    6916    6919    6922 
      1       1       1       1       1       1       1       1       1       1 
   6924    6925    6926    6927    6932    6933    6934    6935    6938    6940 
      1       1       1       1       1       1       1       1       1       1 
   6941    6943    6944    6947    6950    6951    6954    6955    6956    6957 
      1       1       1       1       1       1       1       1       2       1 
   6958    6959    6961    6963    6965    6967    6970    6973    6974    6976 
      1       1       2       1       1       1       1       1       1       1 
   6980    6981    6983    6986    6992    6995    6997    6999    7000    7004 
      1       1       1       1       1       1       1       1       1       1 
   7007    7008    7010    7013    7014    7017    7019    7023    7024    7025 
      1       1       1       1       1       1       1       1       1       1 
   7027    7028    7031    7034    7037    7041    7043    7048    7053    7058 
      1       1       1       1       1       1       1       1       1       1 
   7060    7062    7064    7067    7068    7072    7073    7076    7079    7083 
      1       1       1       1       1       1       1       1       1       1 
   7087    7089    7091    7094    7096    7099    7100    7102    7104    7105 
      1       1       1       1       1       1       1       1       1       1 
   7108    7110    7112    7115    7116    7118    7120    7122    7124    7126 
      1       1       1       1       2       1       1       1       1       1 
   7127    7128    7130    7132    7133    7137    7139    7141    7142    7143 
      1       1       1       1       1       2       1       1       1       1 
   7144    7146    7149    7151    7154    7155    7157    7159    7160    7161 
      1       1       1       1       1       1       1       1       1       1 
   7162    7163    7165    7167    7169    7172    7173    7176    7178    7181 
      1       1       1       2       2       1       1       1       1       3 
   7183    7185    7187    7189    7192    7194    7195    7198    7200    7201 
      1       1       1       1       1       1       1       1       1       1 
   7203    7204    7205    7207    7209    7210    7212    7214    7217    7219 
      1       3       9      10      15       3       1       2       1       2 
   7222    7224    7227    7231    7235    7240    7245    7248    7252    7255 
      1       1       4       1       3       3       5       4       1       1 
   7256    7257    7258    7259    7260    7261    7262    7263    7264    7265 
      1       1       1       1       1       1       1       1       1       1 
   7269    7270    7271    7272    7273    7274    7276    7277    7278    7279 
      1       1       1       1       1       1       1       1       1       1 
   7282    7284    7287    7288    7290    7291    7293    7294    7297    7299 
      1       1       1       1       1       1       1       1       1       1 
   7301    7303    7305    7306    7307    7310    7314    7315    7317    7318 
      1       1       1       1       1       1       1       1       1       2 
   7321    7323    7327    7329    7331    7333    7336    7338    7349    7350 
      1       1       1       1       1       1       1       1       1       1 
   7352    7355    7357    7358    7359    7361    7364    7365    7369    7370 
      1       1       1       1       1       1       1       1       1       1 
   7371    7372    7375    7377    7379    7381    7382    7385    7386    7387 
      1       2       1       1       1       1       1       1       1       1 
   7389    7391    7393    7394    7395    7396    7397    7398    7399    7401 
      2       1       1       1       1       1       1       1       3       1 
   7403    7404    7406    7408    7409    7410    7411    7414    7415    7416 
      1       1       1       1       1       1       1       1       1       1 
   7418    7419    7420    7423    7424    7425    7427    7429    7430    7432 
      1       1       1       1       1       1       1       1       1       2 
   7434    7436    7437    7438    7440    7442    7443    7444    7445    7446 
      1       1       1       1       1       1       1       1       1       1 
   7447    7448    7449    7451    7452    7454    7456    7458    7459    7462 
      1       1       1       1       2       1       2       1       1       1 
   7463    7465    7468    7471    7472    7476    7478    7481    7482    7484 
      2       1       1       2       1       1       2       1       1       1 
   7489    7490    7492    7494    7497    7498    7500    7501    7504    7505 
      1       2       1       1       1       1       2       1       1       1 
   7508    7511    7512    7515    7518    7520    7523    7525    7528    7531 
      1       1       1       1       1       1       1       1       2       1 
   7535    7538    7539    7542    7544    7547    7551    7552    7556    7557 
      1       1       1       1       2       1       1       1       1       1 
   7561    7563    7567    7568    7571    7573    7575    7576    7579    7580 
      1       1       3       2       1       1       1       1       1       2 
   7583    7584    7586    7589    7590    7591    7593    7595    7596    7597 
      1       1       1       1       1       1       1       1       1       1 
   7598    7600    7603    7604    7607    7610    7613    7616    7618    7620 
      1       1       1       1       1       1       1       1       1       1 
   7622    7626    7628    7630    7632    7633    7636    7638    7641    7644 
      1       2       1       1       1       1       2       1       1       1 
   7646    7647    7648    7649    7651    7653    7656    7657    7660    7661 
      1       1       1       1       1       1       2       1       1       1 
   7664    7665    7666    7667    7669    7672    7675    7677    7680    7683 
      1       1       1       2       1       1       1       2       1       1 
   7684    7685    7686    7689    7690    7691    7693    7696    7700    7702 
      1       1       1       1       1       1       1       2       1       1 
   7706    7708    7710    7711    7712    7714    7716    7719    7722    7724 
      1       1       1       1       1       1       1       2       1       1 
   7726    7728    7730    7733    7735    7737    7739    7741    7744    7745 
      1       1       1       1       1       1       1       1       2       1 
   7746    7748    7749    7752    7753    7754    7755    7756    7757    7759 
      1       1       1       2       1       1       2       1       1       1 
   7761    7763    7765    7768    7769    7771    7772    7774    7776    7779 
      1       1       1       1       1       1       2       2       1       2 
   7782    7783    7785    7786    7788    7790    7793    7794    7795    7797 
      1       1       1       1       1       1       1       1       1       1 
   7799    7800    7802    7805    7807    7809    7811    7814    7815    7817 
      1       1       1       1       1       1       1       1       1       1 
   7819    7820    7821    7824    7827    7830    7831    7832    7833    7834 
      1       1       1       1       1       1       1       2       1       1 
   7835    7837    7838    7841    7842    7843    7845    7848    7850    7853 
      1       1       1       1       1       1       1       1       1       1 
   7855    7857    7860    7862    7865    7867    7871    7874    7878    7879 
      1       1       1       1       1       1       1       1       1       1 
   7880    7881    7882    7883    7884    7886    7888    7889    7893    7895 
      1       1       1       1       1       1       1       2       1       1 
   7898    7900    7903    7906    7910    7914    7915    7918    7920    7923 
      1       1       1       1       1       1       1       1       1       1 
   7926    7928    7930    7934    7937    7940    7943    7946    7947    7951 
      1       1       1       1       1       2       1       1       1       1 
   7955    7958    7960    7962    7965    7966    7971    7973    7975    7978 
      1       1       1       1       1       1       1       1       1       1 
   7981    7984    7986    7990    7994    7996    8000    8002    8004    8006 
      1       1       1       1       1       1       1       1       1       1 
   8009    8011    8015    8017    8020    8021    8022    8024    8025    8028 
      1       1       1       1       1       1       1       1       1       1 
   8029    8031    8032    8034    8035    8037    8038    8039    8043    8045 
      2       1       1       1       1       1       1       2       1       2 
   8047    8049    8051    8054    8055    8057    8061    8066    8068    8070 
      1       1       1       1       2       1       1       1       1       1 
   8073    8074    8075    8076    8077    8078    8080    8082    8084    8085 
      3       1       1       2       1       1       1       1       1       1 
   8089    8090    8092    8094    8098    8101    8102    8103    8104    8105 
      1       1       1       1       1       1       1       1       1       1 
   8108    8110    8112    8114    8116    8118    8119    8121    8123    8124 
      1       1       1       1       1       1       1       1       3       1 
   8126    8127    8128    8130    8131    8132    8134    8136    8138    8139 
      1       1       1       1       1       1       1       1       1       1 
   8140    8141    8143    8145    8148    8149    8151    8153    8155    8157 
      1       1       1       1       2       1       1       1       1       1 
   8161    8163    8166    8167    8168    8171    8173    8176    8179    8180 
      1       1       1       1       1       1       1       1       1       1 
   8181    8183    8184    8187    8189    8190    8192    8196    8199    8200 
      1       1       1       1       1       1       1       1       1       1 
   8203    8205    8207    8208    8212    8215    8216    8218    8219    8221 
      2       1       2       1       1       1       1       1       1       1 
   8222    8225    8226    8227    8228    8229    8230    8236    8237    8238 
      1       1       1       1       1       1       1       1       2       1 
   8240    8241    8242    8243    8245    8246    8247    8250    8251    8254 
      1       2       1       2       2       1       1       1       1       1 
   8255    8257    8258    8259    8262    8263    8264    8266    8268    8270 
      1       1       1       1       2       1       1       2       2       1 
   8271    8274    8275    8279    8282    8284    8286    8289    8290    8293 
      1       1       1       1       1       1       1       1       2       1 
   8296    8299    8301    8302    8305    8306    8308    8309    8311    8312 
      1       3       1       1       1       1       1       1       1       1 
   8313    8316    8317    8318    8319    8320    8321    8322    8324    8325 
      1       1       1       1       1       1       1       1       1       1 
   8326    8327    8329    8332    8335    8336    8337    8339    8340    8342 
      1       1       1       1       1       3       1       1       1       2 
   8343    8344    8346    8348    8351    8354    8355    8357    8358    8359 
      1       1       1       2       1       1       1       1       1       1 
   8361    8362    8364    8367    8368    8369    8371    8372    8373    8377 
      1       1       1       1       1       1       1       2       1       1 
   8378    8381    8384    8385    8386    8388    8390    8391    8392    8394 
      1       1       1       1       1       1       1       1       1       1 
   8395    8397    8399    8402    8404    8406    8409    8410    8414    8417 
      1       1       1       1       1       1       1       1       1       1 
   8421    8425    8427    8428    8429    8432    8434    8435    8436    8440 
      1       1       1       1       1       1       1       1       1       1 
   8443    8444    8447    8448    8450    8454    8456    8458    8461    8466 
      1       1       1       1       1       1       1       1       1       1 
   8469    8470    8474    8477    8479    8482    8484    8485    8486    8487 
      1       1       1       1       1       1       1       1       1       1 
   8491    8492    8493    8495    8497    8498    8499    8501    8504    8505 
      1       1       1       1       1       1       1       1       2       1 
   8510    8512    8514    8518    8521    8522    8523    8525    8526    8527 
      1       1       1       1       1       1       1       1       1       1 
   8528    8531    8532    8535    8538    8540    8542    8544    8546    8547 
      1       1       1       1       1       1       1       2       1       1 
   8548    8550    8553    8554    8555    8556    8557    8558    8560    8562 
      2       1       1       1       1       1       1       1       1       1 
   8563    8564    8565    8567    8570    8571    8575    8576    8579    8580 
      1       1       1       1       1       1       1       1       1       1 
   8581    8582    8583    8584    8585    8588    8589    8590    8591    8593 
      1       1       1       1       2       1       1       2       1      49 
   8598    8600    8601    8602    8606    8608    8610    8612    8614    8617 
      1      14       1      30       1       1       1       1       1       1 
   8619    8622    8625    8627    8628    8631    8633    8637    8638    8640 
      1       1       1       1       1       1       1       1       1       1 
   8644    8646    8647    8651    8653    8655    8658    8661    8664    8665 
      1       1       1       1       1       1       1       1       1       1 
   8667    8671    8674    8676    8678    8679    8681    8683    8685    8690 
      1       1       1       1       2       1       1       2       1       1 
   8691    8693    8694    8695    8698    8699    8701    8703    8704    8705 
      1       1       1       1       1       1       1       1       1       1 
   8707    8708    8710    8711    8712    8716    8720    8723    8725    8726 
      1       1       1       1       1       1       1       2       1       1 
   8729    8731    8734    8735    8737    8739    8740    8741    8742    8743 
      1       1       1       1       2       1       1       1       3       1 
   8745    8746    8747    8748    8749    8751    8752    8753    8754    8755 
      1       1       1       1       1       1       1       1       1       1 
   8756    8757    8759    8760    8762    8764    8766    8769    8770    8771 
      1       1     104       1       1       1       1       1       1       1 
   8773    8775    8776    8777    8780    8782    8786    8790    8791    8793 
      1       1       1       1       1       1       1       1       1       1 
   8795    8801    8804    8806    8809    8814    8816    8819    8821    8824 
      1       1       1       1       1       1       1       1       1       1 
   8826    8831    8833    8834    8835    8836    8838    8840    8842    8843 
      1       1       1       1       1       1       1       1       2       1 
   8846    8850    8853    8854    8855    8857    8859    8861    8862    8863 
      1       1       1       1       1       1       1       1       1       2 
   8866    8867    8871    8873    8874    8875    8876    8879    8880    8881 
      1       1       1       1       1       1       1       1       1       1 
   8883    8887    8888    8889    8890    8892    8896    8898    8901    8905 
      1       1       1       1       1       1       1       1       1       1 
   8909    8910    8913    8916    8919    8920    8923    8927    8929    8931 
      1       1       1       1       1       1       1       1       1       1 
   8933    8936    8939    8942    8944    8949    8952    8955    8958    8961 
      1       1       1       1       1       1       1       1       1       2 
   8962    8964    8966    8967    8971    8972    8974    8980    8983    8985 
      1       1       1       1       1       1       1       1       1       1 
   8988    8990    8993    8995    8998    8999    9003    9006    9007    9010 
      1       1       1       1       1       1       1       1       1       1 
   9012    9014    9015    9019    9020    9022    9023    9025    9030    9031 
      1       1       1       1       1       1       1       1       1       1 
   9034    9036    9038    9039    9041    9044    9046    9048    9050    9053 
      1       1       1       2       1       1       1       1       1       1 
   9054    9055    9057    9059    9061    9066    9073    9075    9077    9080 
      1       1       1       1       1       1       1       1       1     134 
   9083    9087    9089    9090    9093    9094    9095    9096    9098    9099 
     14       8     136      10       5       1       1       2       1       1 
   9100    9101    9102    9104    9106    9107    9109    9113    9114    9115 
      1       1      30       1       1       1       1       1       1       1 
   9119    9122    9124    9125    9127    9128    9131    9134    9135    9137 
      1       1       1       1     145      77     103       1      26     152 
   9138    9139    9140    9142    9143    9144    9145    9146    9148    9149 
      1       2       1       1       1       1       1       1       1       1 
   9150    9151    9152    9153    9154    9155    9156    9157    9158    9159 
      1       1       1       1       1       2       1       1       4     165 
   9160    9162    9165    9167    9169    9171    9178    9180    9181    9183 
      1       1       1       1       1      99      71       2       1       3 
   9186    9190    9195    9197    9202    9205    9207    9210    9212    9214 
      1       1       1       3       1       1     189       5      32       1 
   9216    9218    9219    9220    9221    9223    9224    9225    9227    9228 
      1       1       1       2       1       1       2       3       1       3 
   9229    9230    9231    9232    9233    9237    9238    9242    9243    9244 
      1       1       2       1       1       1     134     103       1       1 
   9245    9247    9248    9251    9253    9256    9258    9261    9264    9266 
      1      38     409       1       1       1       3       4       1       1 
   9269    9271    9272    9274    9278    9281    9282    9283    9286    9289 
      1       1       2       1       1       2     183       1       6       1 
   9291    9294    9295    9298    9302    9303    9304    9306    9308    9310 
      5       1       1      11       1      14       1       1       1       1 
   9314    9316    9318    9321    9330    9333    9337    9339    9341    9344 
      1       2       9       1       1       2       2       1       1       1 
   9347    9353    9354    9356    9360    9363    9364    9366    9368    9370 
      7       1       1       8       1       1       3       1       1       2 
   9372    9377    9380    9385    9387    9393    9395    9398    9402    9407 
      3       1       1     148       4       1       1      16       4       4 
   9410    9412    9416    9418    9421    9422    9425    9426    9429    9432 
      4       3       1      11       4       3       1       1       1       1 
   9434    9438    9439    9443    9446    9451    9452    9454    9456    9461 
      3       1       4       1       4       1     156      19       4      41 
   9464    9465    9468    9470    9473    9475    9477    9482    9485    9488 
    142      54       1     251       1       1       1       1     554       1 
   9489    9493    9495    9496    9497    9498    9499    9501    9502    9503 
      1       1       1       1       1       1     255     983     727     638 
   9504    9505    9506    9507    9508    9510    9511    9513    9514    9516 
    186       5     103     210     127       1       1       2       1       1 
   9517    9519    9520    9521    9523    9524    9525    9526    9527    9528 
      1       1       1     154       1       1       2       1       1     129 
   9530    9531    9532    9533    9534    9535    9536    9537    9538    9539 
      1       1       2       1       1     242      65     805     119      29 
   9540    9541    9542    9543    9544    9545    9546    9547 
     17      63      21       5     216       8      81      11 

   Min. 1st Qu.  Median    Mean 3rd Qu.    Max. 
   1.00    1.00    1.00   39.47    2.00 9547.00 

includes extended item information - examples:
                                                            labels
1                                         "\\\\'abrego.bernardo-m"
2  "\\\\'ecole-normale-sup\\\\'erieure.s\\\\'eminaire-c-chevalley"
3                         "\\\\v-zi\\\\v-zovi\\\\'-c.mali\\\\v-sa"
