# Papers Year
   1 1796
   1 1879
   1 1914
   1 1924
   1 1930
4041 1931
4233 1932
3972 1933
4061 1934
4507 1935
4532 1936
3856 1937
3841 1938
4695 1939
3625 1940
3808 1941
3185 1942
2887 1943
2080 1944
2152 1945
2740 1946
3360 1947
4517 1948
5471 1949
6195 1950
7073 1951
7593 1952
7949 1953
8367 1954
8305 1955
9309 1956
10099 1957
10930 1958
11915 1959
13439 1960
13999 1961
15321 1962
15780 1963
15736 1964
16050 1965
16975 1966
19195 1967
21408 1968
23728 1969
26123 1970
28192 1971
31122 1972
32589 1973
34804 1974
35836 1975
36996 1976
39073 1977
41587 1978
42736 1979
45241 1980
44061 1981
45098 1982
46124 1983
47924 1984
47414 1985
48157 1986
49884 1987
53145 1988
54229 1989
55018 1990
57026 1991
58787 1992
60075 1993
64753 1994
67460 1995
71031 1996
74013 1997
74989 1998
77397 1999
83721 2000
92503 2001
92165 2002
87577 2003
85983 2004
88502 2005
94770 2006
98662 2007
102319 2008
99937 2009
93843 2010
62867 2011
2415 2012
   2 2013
   1 2014

